lastAccountName: Andr3_G4m3r_HD
timestamps:
  login: 1622119870558
  lastteleport: 1622084354790
  logout: 1622136284550
ipAddress: 127.0.0.1
lastlocation:
  world: world
  x: 286.93115688150164
  y: 88.03431268021212
  z: -66.86777769895515
  yaw: 19.949682
  pitch: 44.09993
logoutlocation:
  world: world
  x: 287.38269619668307
  y: 69.0
  z: -65.42626788446664
  yaw: -90.878296
  pitch: 82.650116
